pT	Crossection	err	Crossection_Error	
0.150	6.857473981	0	0.137565198		
0.500	7.089676306	0	0.135289625		
0.700	5.714892255	0	0.154028204		
0.800	5.324007423	0	0.156209806		
0.900	4.804158984	0	0.15264533		
1.000	4.061820917	0	0.136080491		
1.100	3.475993449	0	0.127229768		
1.200	2.647384813	0	0.084349119		
1.350	2.039809081	0	0.075715909		
1.500	1.483081195	0	0.055320346		
1.700	0.98525077	0	0.038916245		
2.000	0.414182854	0	0.017304308		
2.500	0.144692654	0	0.010674776		
3.500	0.031041539	0	0.005760398		
4.500	0.064088105	0	0.045716799		
