0.9610  0
0.9630  0
0.9650  0
0.9670  0
0.9690  0
0.9710  0
0.9730  0
0.9750  0
0.9770  0
0.9790  0
0.9810  0
0.9830  0
0.9850  0
0.9870  11
0.9890  82
0.9910  86
0.9930  76
0.9950  55
0.9970  60
0.9990  80
1.0010  62
1.0030  92
1.0050  82
1.0070  118
1.0090  151
1.0110  220
1.0130  326
1.0150  592
1.0170  1181
1.0190  1749
1.0210  1463
1.0230  928
1.0250  553
1.0270  366
1.0290  256
1.0310  250
1.0330  199
1.0350  186
1.0370  150
1.0390  152
1.0410  154
1.0430  132
1.0450  124
1.0470  121
1.0490  110
1.0510  126
1.0530  133
1.0550  100
1.0570  112
1.0590  100
1.0610  93
1.0630  111
1.0650  97
1.0670  95
1.0690  100
1.0710  119
1.0730  88
1.0750  94
1.0770  103
1.0790  98
1.0810  74
1.0830  97
1.0850  102
1.0870  98
1.0890  93
1.0910  110
1.0930  97
1.0950  108
1.0970  114
1.0990  106
1.1010  103
1.1030  106
1.1050  98
1.1070  78
1.1090  93
1.1110  104
1.1130  93
1.1150  110
1.1170  106
1.1190  87
1.1210  93
1.1230  89
1.1250  98
1.1270  104
1.1290  102
1.1310  98
1.1330  85
1.1350  82
1.1370  92
1.1390  84
1.1410  86
1.1430  73
1.1450  83
1.1470  109
1.1490  103
1.1510  82
1.1530  103
1.1550  103
1.1570  75
1.1590  105
1.1610  97
1.1630  92
1.1650  89
1.1670  99
1.1690  109
1.1710  122
1.1730  100
1.1750  103
1.1770  102
1.1790  105
1.1810  105
1.1830  119
1.1850  123
1.1870  123
1.1890  109
1.1910  100
1.1930  120
1.1950  124
1.1970  135
1.1990  121
